39
5
10
60
8
94
54
5
10
60
8
94
56
20
2
20
22
20
22
20
20
22
24
20
22
22
20
24
22
20
20
20
22
20
20
0
32
32
34
32
30
32
32
32
30
34
32
32
32
34
32
32
30
30
32
20
4
42
40
44
44
42
42
44
40
40
42
40
40
40
40
42
42
40
40
40
20
4
24
24
26
36
24
26
28
32
36
24
34
22
24
34
26
34
24
22
30
20
6
38
46
48
38
34
32
40
44
48
42
30
46
38
48
42
36
36
44
48
20
14
50
54
58
46
40
56
42
56
52
52
56
40
40
46
40
44
48
44
58
20
4
44
50
52
36
30
50
24
48
32
52
50
32
52
20
20
20
28
24
38
20
28
60
62
34
32
34
40
32
32
40
40
38
40
48
48
34
36
56
40
30
20
4
48
48
68
46
50
68
60
58
48
44
64
56
40
68
60
56
54
64
60
20
32
20
56
48
44
26
44
40
28
64
48
56
54
62
38
48
62
30
48
48
20
26
34
72
42
42
68
36
70
34
48
58
68
48
46
46
76
54
72
50
62
20
40
88
62
64
84
80
44
78
44
76
58
72
82
54
86
46
44
44
88
50
60
2
22
24
22
20
22
20
22
20
20
20
20
20
20
22
20
20
20
24
20
22
20
22
20
22
22
24
22
22
24
20
20
22
24
24
20
22
20
22
20
20
20
22
24
20
22
24
20
24
20
24
22
22
22
20
20
20
20
24
20
60
0
34
30
32
30
32
30
30
34
32
32
32
32
32
34
34
30
30
32
32
30
30
32
32
30
30
34
34
30
34
34
30
30
32
30
32
32
30
34
32
30
34
32
34
30
30
30
34
32
32
32
30
30
30
32
34
30
32
32
32
60
2
40
44
40
44
40
44
40
42
40
44
44
44
44
42
40
40
40
40
42
44
44
42
40
40
42
44
42
40
44
40
44
44
42
42
40
44
40
42
42
42
44
42
42
42
42
40
42
42
42
42
42
42
42
40
44
42
40
42
44
60
0
26
28
36
28
30
22
32
22
36
32
32
26
24
32
36
34
28
36
28
36
20
34
20
20
24
28
26
30
28
36
22
34
36
38
22
38
22
28
22
20
20
26
38
38
30
34
34
38
32
34
26
24
28
28
24
24
28
22
34
60
16
30
48
40
38
38
36
38
42
44
32
34
38
40
32
30
30
38
36
42
30
32
30
46
32
30
30
38
40
34
46
36
46
44
40
36
34
46
44
38
34
48
42
36
30
36
36
44
46
42
48
38
36
40
36
40
40
30
40
42
60
16
46
52
46
54
54
52
50
52
58
50
48
48
54
54
40
40
52
46
48
58
46
50
44
56
56
46
40
48
56
44
58
56
58
44
42
52
58
52
56
48
42
46
58
56
54
50
48
40
58
58
58
44
48
54
52
56
40
52
58
60
24
38
46
54
34
22
52
44
42
46
20
42
46
24
42
20
36
24
26
36
24
26
26
26
30
50
22
20
48
40
42
40
36
36
50
26
50
48
50
38
52
30
38
46
34
36
46
28
42
30
46
24
36
52
42
24
26
44
24
20
60
22
34
50
44
62
60
52
58
54
60
54
64
36
50
54
64
44
48
38
42
34
42
46
52
52
34
32
58
36
38
60
58
42
58
38
52
54
62
46
54
58
48
54
42
34
56
40
60
52
60
38
58
38
32
44
60
50
48
32
56
60
2
50
60
68
44
68
56
46
42
50
48
48
68
50
60
50
42
48
44
66
44
54
58
64
56
50
72
42
46
40
44
50
50
64
54
68
70
72
52
50
58
60
60
54
72
56
64
40
42
46
42
60
72
62
50
54
72
48
68
56
60
46
44
52
54
52
24
24
62
68
56
60
48
28
32
32
52
60
68
42
44
42
42
24
54
40
26
34
66
40
46
38
38
20
22
22
52
26
28
48
26
66
40
54
28
54
68
60
46
68
34
22
40
58
28
26
30
36
44
28
58
60
0
58
38
32
60
44
68
68
56
46
76
52
66
60
62
52
60
54
30
58
70
34
30
60
42
36
74
60
60
32
50
62
62
60
66
44
76
54
34
52
72
30
76
62
64
60
36
44
36
38
74
78
42
76
62
56
34
56
38
66
60
32
72
60
56
52
50
72
50
74
76
74
70
80
72
54
66
56
60
82
64
68
78
64
80
76
50
58
82
76
68
72
60
50
44
78
64
54
60
76
42
48
62
72
40
46
86
66
66
58
60
40
88
50
68
78
88
78
50
82
66
100
0
20
24
22
20
22
22
24
22
20
22
22
20
20
22
22
24
20
20
20
20
22
24
22
22
22
22
22
20
22
24
20
20
20
22
22
22
22
22
20
22
24
24
24
20
24
20
22
24
20
22
22
20
20
22
20
22
22
24
22
24
22
20
20
20
24
20
22
20
22
22
22
24
22
20
20
22
20
20
20
20
22
20
20
24
22
20
22
20
22
20
20
22
22
24
24
22
24
24
20
100
4
30
32
32
34
30
30
30
34
30
34
34
30
34
30
30
32
34
34
30
32
30
32
30
34
34
30
32
34
30
32
30
32
32
32
32
34
30
30
32
32
30
30
32
32
30
30
32
32
30
30
30
30
30
32
30
30
34
30
34
32
34
34
34
34
34
34
32
30
30
32
34
32
32
34
30
30
30
30
30
32
32
32
34
32
32
30
32
34
32
32
30
32
32
32
32
32
32
32
30
100
2
42
40
42
40
42
40
44
40
42
40
42
40
40
44
44
42
40
42
44
44
40
40
42
40
40
40
42
44
40
42
42
42
42
42
40
40
40
40
40
42
40
42
40
40
42
44
40
40
42
40
44
44
42
44
40
44
42
44
40
42
40
42
42
42
44
44
44
44
40
44
44
42
40
40
40
44
40
40
40
40
44
42
42
42
42
42
42
44
42
44
44
44
44
44
42
42
42
42
44
100
4
24
32
38
34
38
34
34
26
32
28
30
26
22
36
22
28
30
24
20
24
30
36
28
22
36
32
20
22
24
22
38
20
28
38
26
20
24
22
26
38
30
28
26
32
26
28
34
36
26
26
32
36
24
20
20
20
26
34
34
22
36
32
24
36
32
30
36
28
24
36
28
28
24
34
22
30
34
28
38
20
36
32
30
20
24
22
32
30
28
26
26
38
32
30
36
24
32
32
26
100
18
40
44
38
44
30
32
48
46
32
48
40
48
32
42
40
38
46
34
40
36
32
48
34
44
30
30
42
36
44
48
34
46
42
34
42
36
48
40
32
32
30
34
32
46
48
44
34
46
40
36
44
42
46
48
30
40
42
42
46
48
40
42
44
44
48
36
30
46
40
46
30
34
30
32
30
42
38
46
30
48
32
44
34
42
36
34
32
40
38
40
40
48
34
34
36
32
34
48
40
100
6
46
44
50
40
58
50
52
48
46
54
58
42
40
42
48
46
58
42
58
48
54
40
40
58
46
58
52
42
58
54
50
44
58
42
46
58
44
52
58
52
46
56
48
46
52
56
46
52
58
56
40
52
56
52
42
54
50
46
58
48
54
40
46
54
42
44
44
48
56
42
52
54
40
40
54
44
56
40
56
48
48
48
52
58
54
56
54
44
54
44
46
50
46
52
56
48
48
52
48
100
0
30
44
32
48
50
42
28
36
34
26
50
54
42
30
28
26
20
34
52
24
20
34
40
22
50
24
38
34
36
32
48
46
22
26
52
32
48
36
24
28
44
20
40
44
30
48
52
44
40
26
26
52
42
46
20
36
50
40
28
44
30
20
48
34
28
44
22
22
26
40
30
28
40
50
30
30
22
38
32
20
44
38
52
44
30
54
38
38
38
46
38
50
48
32
40
20
22
20
34
100
22
50
32
38
48
42
60
58
44
44
36
56
46
30
54
36
52
32
32
36
62
58
56
34
64
46
56
42
60
34
58
48
32
62
34
52
38
30
58
30
56
42
34
38
42
60
56
32
38
58
50
36
30
52
42
30
34
46
54
30
62
60
62
30
56
44
52
42
44
46
56
36
34
36
58
48
44
50
62
52
44
48
60
44
48
50
56
52
32
46
30
30
42
62
42
46
42
30
38
34
100
28
50
64
72
58
56
68
72
42
66
72
68
60
68
62
44
66
54
44
46
48
46
58
74
56
72
68
46
72
40
62
42
64
52
54
60
46
60
70
60
62
68
54
50
40
42
66
66
68
72
74
42
54
58
42
48
56
70
54
66
48
42
46
50
68
60
70
74
58
64
72
46
58
52
68
70
66
60
62
60
68
62
40
60
58
42
70
40
50
50
44
72
64
50
46
58
48
54
70
66
100
6
52
68
30
36
26
38
66
38
58
48
58
38
40
54
62
50
62
24
52
26
62
20
20
40
54
58
40
60
60
54
66
44
52
30
64
62
50
60
32
40
40
24
58
62
62
50
42
54
54
28
64
50
28
64
22
64
54
42
56
44
26
54
22
62
68
66
56
50
60
68
20
32
26
58
24
68
42
48
52
26
58
46
56
66
40
58
64
24
34
52
52
42
38
56
34
36
54
22
68
100
24
34
30
66
40
72
72
38
44
52
70
50
40
48
40
40
70
32
34
76
46
68
60
68
38
46
36
54
30
40
54
58
44
56
46
56
48
40
64
62
66
56
36
78
76
46
40
68
50
46
66
66
38
46
56
46
66
64
72
66
76
48
46
42
76
64
70
46
74
54
30
60
32
38
60
30
54
72
70
76
40
56
64
48
74
42
64
60
30
60
50
76
30
68
40
76
54
30
44
48
100
28
56
42
72
64
72
72
42
66
62
88
80
40
74
50
86
88
86
68
42
68
88
88
68
78
52
66
52
56
80
74
84
48
76
66
74
60
48
78
40
74
78
80
74
64
40
70
66
40
52
68
68
54
68
48
42
84
74
58
50
66
44
46
76
82
74
62
54
84
50
54
72
88
46
56
66
48
40
42
50
52
72
78
66
54
86
72
48
70
44
58
46
48
66
84
40
52
56
58
50
3
2
6
100